00101
1011010
1010011
01001111
0110
01000
11100100
110110
100101
110001
101110101
1101
101100110
001100101
0010
01011100
0001
0000
010001110
1011
0100000
000111110
101000
110111011
11110
101001
0001
010100110
1100110
100101
01111
001010
10100011
11101
1101011
0010001
11011000
1101
0010011
101110010
0001
110100101
10110
01010000
1001
1000100
1101
00011
0100000
10110
1000
101010111
11001
00001011
11100
01011
011011110
0000
10001001
01010
11101101
1100101
00010111
11011001
001111110
01111000
000010100
100010
101010111
0100101
1000000
0011111
101011110
1011
0001
11110
0011100
100100
010001001
000001010
000111
01100
10101100
01111
0111111
01110010
0011011
0011
0001011
001110
00000011
00001111
0101
0111001
11101
111100
00011
1100
110011001
01000101
