75 68
96 87
18 22
18 43
20 48
5 55
87 92
98 6
75 1
29 89
60 73
2 97
100 60
85 61
67 100
88 49
79 56
55 52
27 15
14 60
65 90
70 9
25 74
96 80
65 11
40 52
12 41
36 26
59 5
53 57
88 13
73 40
82 80
5 30
98 82
63 54
78 40
64 74
38 54
59 75
21 11
44 4
33 99
37 91
100 87
86 11
75 49
46 20
49 83
7 74
7 2
9 44
98 55
54 2
32 41
54 25
87 17
32 18
61 38
92 6
100 76
40 58
99 91
56 10
79 98
84 62
26 31
34 27
84 12
73 60
49 35
12 59
26 2
12 86
22 97
75 94
41 67
36 80
78 60
60 99
4 34
82 96
9 91
87 23
67 78
73 43
61 67
89 90
79 43
40 30
11 52
84 42
79 17
8 76
19 48
67 19
95 84
55 4
76 81
40 73
65 96
78 51
56 57
91 70
52 97
35 86
36 5
56 17
21 80
17 76
3 78
73 5
77 3
44 64
35 46
45 14
1 86
67 21
92 63
3 38
75 37
55 49
61 60
77 25
37 57
2 25
76 48
55 20
85 4
53 57
82 1
51 58
96 10
17 88
35 98
87 80
11 1
8 48
78 59
15 10
93 70
50 90
88 64
39 50
14 84
19 46
85 53
13 71
17 44
98 21
34 41
86 91
75 6
86 75
25 8
89 79
23 80
94 41
53 83
59 43
36 51
58 29
34 38
46 22
58 12
39 99
89 43
33 87
54 61
33 64
53 99
4 18
10 42
59 3
42 12
93 83
100 69
59 34
94 14
37 94
64 99
45 11
44 87
92 61
89 71
37 87
11 43
43 55
4 19
58 13
11 40
53 23
91 66
82 62
7 95
97 20
45 83
16 34
27 84
78 32
84 32
23 100
36 25
85 14
47 57
11 19
67 7
57 3
9 95
25 34
96 64
59 100
25 6
51 46
41 60
78 24
72 92
13 20
85 7
78 43
40 25
28 63
35 15
25 77
30 43
65 17
84 37
5 74
67 34
79 92
32 81
60 5
41 93
91 52
51 1
3 4
98 92
14 22
80 59
13 100
57 7
98 94
9 33
67 41
46 45
2 25
50 54
19 33
88 89
47 22
52 66
44 12
8 63
50 70
90 69
26 57
49 62
72 22
97 14
92 75
51 29
90 51
53 74
46 66
100 74
31 68
12 58
66 75
66 58
92 38
12 31
63 68
72 88
67 18
38 97
75 43
19 53
47 24
50 73
56 100
57 90
88 2
2 47
89 77
91 96
64 94
84 65
92 81
95 39
70 78
55 50
40 16
91 26
87 40
5 8
39 23
98 67
19 49
20 76
4 53
81 57
49 5
86 44
55 31
39 16
86 31
3 57
69 23
72 82
52 65
66 86
61 3
80 8
48 10
93 68
16 29
64 99
11 3
49 10
97 85
70 53
97 70
66 14
94 89
76 25
20 62
23 23
13 84
25 63
95 10
17 29
77 17
41 70
18 18
86 67
69 97
90 51
36 76
65 25
51 40
88 98
85 74
29 73
61 45
14 60
30 92
71 60
79 9
37 52
19 43
71 86
84 22
52 57
97 66
73 60
18 10
93 11
84 98
1 22
60 59
1 63
54 91
25 44
17 60
11 13
80 27
15 59
54 69
73 1
76 3
62 66
5 99
80 98
14 7
98 25
68 79
84 83
93 2
9 52
62 93
25 30
23 57
79 70
70 36
11 90
51 83
68 40
80 23
50 63
9 11
75 75
24 11
72 48
70 22
73 65
75 55
77 7
99 50
39 30
3 1
56 3
67 30
28 43
91 44
4 12
26 99
25 44
12 47
88 38
72 66
57 25
49 76
83 84
36 75
55 30
89 51
26 30
95 34
74 3
40 65
95 19
54 61
1 96
98 34
76 18
70 15
43 73
36 8
84 51
18 3
37 7
46 59
22 17
53 89
37 6
90 89
30 64
30 1
49 39
48 23
92 24
18 18
44 39
47 43
95 96
16 95
5 59
95 17
82 40
37 55
79 51
90 39
46 63
52 33
89 8
56 20
53 24
47 70
95 44
44 9
21 51
13 9
94 9
60 74
8 4
22 47
27 67
2 28
19 11
26 98
5 52
31 68
87 4
8 58
83 54
60 62
5 5
86 48
35 42
1 36
1 62
16 58
63 21
51 15
37 61
61 90
10 98
8 75
5 51
91 50
24 89
99 92
97 1
60 29
52 91
12 73
61 55
67 48
91 81
39 31
71 89
54 65
91 100
9 11
69 49
83 50
30 91
51 88
79 20
82 62
13 60
51 55
67 28
52 65
54 60
17 30
71 8
64 5
68 74
100 49
93 44
58 22
63 12
33 57
16 75
28 48
1 52
83 6
83 39
81 83
91 86
72 54
43 65
90 81
76 49
8 63
25 53
82 34
87 78
69 72
70 98
28 83
8 98
82 89
65 7
97 86
13 46
75 76
8 1
44 26
90 66
30 20
14 76
76 69
95 40
46 47
42 79
73 100
83 6
60 77
78 77
100 28
13 49
97 44
96 20
54 35
29 61
3 41
59 23
77 72
2 96
52 98
27 46
55 30
47 98
60 51
16 64
20 1
68 35
11 17
97 40
9 54
47 57
76 65
83 66
63 49
34 42
56 2
8 89
60 43
95 34
80 6
92 90
64 98
32 79
76 35
54 96
79 87
42 47
71 75
90 80
77 22
28 21
51 86
48 16
16 6
25 65
26 23
62 50
7 36
62 99
11 4
16 18
14 90
12 7
80 67
83 15
52 81
44 57
82 36
49 61
6 76
56 68
84 28
8 29
4 92
98 44
36 48
26 23
85 33
46 80
46 16
24 41
57 19
28 70
30 40
11 72
79 16
81 85
25 84
89 52
29 78
100 2
63 66
75 9
90 59
35 28
13 4
81 82
28 57
16 38
37 33
21 36
67 81
100 29
58 69
99 47
82 54
59 22
96 91
84 75
88 5
13 30
72 68
16 21
20 81
17 80
81 82
96 12
6 6
77 94
17 3
49 33
87 62
37 49
94 34
29 87
78 42
38 27
34 100
52 27
68 2
6 31
72 21
12 91
19 62
86 56
99 39
40 87
39 23
81 4
65 97
15 89
100 4
47 9
6 69
62 89
73 42
72 9
96 100
28 52
88 29
51 81
88 50
25 56
3 43
93 97
24 46
22 45
18 30
12 74
61 18
3 57
90 68
18 96
25 91
78 100
67 14
84 100
30 54
21 12
98 52
52 62
51 7
16 31
34 30
24 94
85 92
48 20
30 37
53 3
45 33
56 99
9 91
94 97
30 78
32 75
50 52
1 75
87 52
59 62
28 23
37 57
19 39
94 6
85 98
41 85
14 14
31 9
83 72
93 63
82 9
39 59
11 94
85 72
53 65
95 25
89 86
23 87
64 86
35 89
48 95
67 52
34 23
60 10
74 11
66 10
94 20
68 61
29 18
69 81
97 59
18 24
79 97
87 87
5 68
43 79
31 77
44 44
95 71
64 44
10 52
29 99
32 8
94 30
95 30
63 19
24 85
69 8
28 5
6 85
68 98
47 7
61 64
11 83
57 69
52 46
55 40
41 73
69 31
55 83
55 43
33 66
31 92
41 99
45 37
51 79
95 79
9 9
74 42
48 15
44 18
91 2
22 90
76 87
34 3
11 73
42 92
62 35
55 88
26 63
45 70
54 30
36 77
95 99
87 18
48 27
88 34
75 3
68 23
47 82
36 13
70 55
45 66
27 49
46 95
80 69
69 23
49 93
91 63
69 80
66 67
35 10
16 82
4 35
24 29
29 78
75 55
52 65
67 87
31 87
30 76
94 17
28 60
34 81
7 10
53 25
21 77
61 39
2 99
77 13
51 34
80 32
61 90
58 82
54 20
32 66
6 12
93 22
59 61
9 37
14 87
80 73
86 49
62 35
35 28
22 48
28 28
71 61
3 5
74 2
91 7
12 8
58 93
10 54
94 19
7 67
29 70
46 9
73 94
68 42
89 34
52 19
83 65
80 5
38 42
49 74
72 44
92 96
43 93
18 6
14 98
14 26
40 36
75 70
25 8
61 74
30 56
75 94
45 77
81 72
38 38
47 30
32 59
41 68
40 25
91 25
59 76
77 95
93 89
69 44
22 32
13 33
54 82
88 52
36 86
25 9
90 81
4 82
96 8
40 12
66 52
8 50
67 72
100 12
81 56
11 79
88 8
89 98
5 9
21 4
8 77
25 42
21 58
13 82
10 57
88 98
17 31
78 59
94 42
93 45
5 21
23 21
20 9
88 87
80 11
77 49
2 41
88 32
62 63
26 56
28 55
21 52
70 27
93 65
24 74
81 46
40 69
1 76
54 62
70 63
59 81
1 56
46 76
38 53
60 50
87 57
69 44
100 99
58 21
94 57
25 71
53 26
93 23
75 72
29 7
52 59
53 94
25 45
69 93
39 67
36 76
56 99
93 68
1 13
56 20
78 38
45 90
77 30
49 78
