164983
269571
357825
823211
166245
746279
248174
240381
545951
367466
449634
209267
661692
838051
423612
846640
470839
470358
437805
257124
298984
296643
485755
271809
890090
769831
404864
707122
717722
638187
838076
239601
873395
364222
556547
298382
795719
553694
398115
113632
598020
830837
723466
586117
163661
480975
280432
484254
430395
957113
344653
428416
755555
689810
851804
868058
150332
781203
193740
972594
289375
558847
536851
384352
323583
869434
836378
276780
892355
586506
576736
827027
531003
682539
515336
908021
785432
318085
323622
843338
497855
489829
101762
278346
301156
453873
260245
783769
661038
400951
288019
628748
496587
143623
727173
314315
717168
245500
540523
316047