5 15
30 16
21 11
16 1
18 2
27 15
30 10
6 8
10 11
23 20
30 20
10 17
5 7
27 18
22 15
4 20
24 7
25 8
24 2
7 3
10 4
1 16
14 14
12 2
14 20
13 5
3 11
19 2
30 16
13 13
1 17
7 11
27 11
1 16
26 10
12 2
15 13
2 14
4 4
4 2
7 20
25 1
15 9
18 11
16 2
28 4
18 1
21 19
10 11
18 3
24 20
29 9
4 12
7 18
7 4
18 16
6 6
28 3
3 10
10 10
11 4
26 1
2 3
10 15
28 13
6 14
26 20
5 16
26 5
19 3
25 15
25 13
24 9
10 1
25 11
6 14
27 1
4 18
12 16
9 10
26 2
22 16
26 19
5 7
26 20
7 18
2 1
9 9
29 17
17 20
19 7
28 18
21 3
28 2
6 10
23 19
2 1
1 20
9 7
20 15