1245 11 14
5 1124 3
1239 24 9
25 489 6
13 2663 3
10 267 16
6 17 2632
1879 8 1
5 11 1380
6 2 275
28 5 2072
9 124 3
30 10 2301
1245 2 27
23 646 7
6 2 2306
17 11 1448
720 2 29
12 1759 2
2187 7 1
1 17 899
1327 12 29
9 555 20
2 507 21
17 8 1800
1 13 1232
2112 7 13
7 2104 29
5 1790 3
689 5 7
7 28 1357
10 11 291
27 1509 7
5 15 589
3 23 2930
2752 24 10
1203 11 17
2951 3 15
7 1862 3
22 2188 8
5 22 1137
998 10 11
14 4 1804
11 18 209
24 10 2217
11 3 2360
9 27 1298
2821 14 3
8 8 1156
9 11 1752
25 276 5
24 1598 5
1 1904 5
226 17 9
10 1446 19
6 905 6
1020 29 6
2012 2 19
8 30 2031
2782 7 16
321 8 23
1447 16 1
189 16 10
2828 4 17
12 823 7
4 13 1541
12 392 24
4 588 5
1193 7 10
1862 18 5
895 22 10
25 10 997
9 2645 16
1443 3 7
1652 11 19
11 2644 4
6 1492 19
2032 2 25
29 2668 8
12 2637 2
1777 11 18
2395 11 6
16 2439 4
2 2 1348
20 893 12
1 3 2659
9 5 606
1 2138 26
1274 26 2
1612 21 4
4 1224 15
14 2993 6
1 1001 1
1567 27 5
11 4 2932
4 6 2246
11 2908 10
4 2 2121
1953 12 18
1723 3 4
11 11 1114
11 2649 27
241 19 12
9 9 2303
12 17 2273
23 207 8
16 9 1883
1031 4 12
21 782 7
11 16 2873
247 18 11
1 2970 1
31 144 11
26 1067 7
16 1019 12
8 2966 5
540 8 17
12 11 2462
2568 14 3
5 1 1695
24 1054 11
970 6 11
18 1174 4
9 1338 4
8 14 1853
521 5 31
11 555 15
1467 4 31
11 21 2681
2997 3 1
3 2920 16
16 1324 11
8 17 2869
3 8 745
2779 1 29
754 22 11
2335 31 6
9 151 18
6 26 1258
5 26 1370
19 2147 3
2876 9 18
6 1 2503
10 11 2311
1419 17 4
11 2509 6
7 277 31
8 2602 8
1156 20 3
10 1 1664
8 29 2376
9 1149 17
2504 8 21
10 18 1841
2776 27 5
3 4 746
2668 4 8
2 410 8
16 2040 5
12 8 858
1589 9 24
2085 3 17
12 1656 4
332 9 3
7 2 2183
4 21 2783
16 2235 3
21 12 1506
6 154 22
836 30 11
12 1403 12
2 9 1803
1770 3 10
1369 9 12
22 1594 9
8 1015 23
12 257 27
19 402 10
277 26 6
2407 6 2
2171 8 12
10 557 1
15 12 2466
2448 8 12
2457 8 7
683 17 12
1605 2 15
7 12 424
2602 16 5
1532 10 4
515 5 12
4 1480 2
5 10 2701
1 1623 1
1575 9 27
1634 2 29
2 5 2446
1 449 2
1619 5 25
5 2522 3
4 1 2418
773 11 11
2 8 377
9 1168 8
2 2361 14
14 959 2
21 6 1625
2725 3 29
10 1340 30
27 180 3
1247 22 7
1582 8 5
5 979 8
22 1589 10
10 28 2557
1 9 1463
723 6 10
3 3 1634
10 1340 12
15 7 778
672 1 9
5 897 11
12 1848 11
22 559 5
5 29 295
12 31 1204
19 2421 4
2 7 2479
20 2359 3
25 1289 4
15 742 7
2890 3 30
435 10 3
5 547 25
12 27 245
5 11 545
7 2101 10
1760 8 13
11 978 25
6 810 31
15 8 1190
1 203 19
29 8 2878
3 2814 27
2 1835 2
1218 1 31
21 11 2226
2939 12 22
13 10 2307
3 1813 8
970 8 17
2 29 1188
482 6 1
7 12 2418
20 5 100
14 2 686
24 7 1854
1235 10 14
1548 7 9
4 9 1794
2 7 667
3 25 2901
274 24 12
2 761 5
6 2093 14
8 2422 2
5 1917 29
2 2744 3
356 9 24
341 13 12
2729 18 3
7 257 4
1865 10 16
1 1374 25
12 2217 1
12 26 2293
10 1702 11
29 1118 2
1130 23 12
1652 4 4
2243 3 15
295 10 12
1819 22 2
5 349 10
9 19 2474
17 1080 10
15 3 1515
7 329 1
7 1583 31
5 159 4
300 2 19
4 2159 1
9 5 2094
14 10 1600
1763 7 9
18 1810 2
7 1736 20
5 1612 14
4 27 1458
324 4 12
405 18 5
6 2153 1
4 1 2687
12 22 720
1132 3 5
2984 31 2
1646 12 31
584 29 1
5 2 731
13 2907 4
13 2131 2
22 1393 5
2076 2 16
23 7 1683
2297 10 20
4 442 9
6 2338 6
3 1683 15
7 12 503
1639 6 9
10 1 837
15 11 563
10 1643 4
1905 13 5
2860 14 10
1840 5 21
10 24 2598
30 1813 1
8 15 123
3 901 12
176 18 10
1178 30 8
2399 6 11
917 5 27
5 16 130
2 2895 18
19 2537 10
123 5 7
952 8 29
30 2598 10
31 11 2111
10 20 1087
23 599 6
6 2643 11
4 10 726
18 1256 6
1062 5 5
9 3 772
7 1690 8
1274 8 14
1785 1 10
9 270 26
15 8 499
7 653 15
1630 9 21
1909 8 31
10 11 132
12 2030 23
31 639 5
924 12 3
2348 28 4
5 2182 2
2245 9 6
8 22 2942
27 11 1116
7 22 503
2423 1 29
2081 20 10
3 23 2280
1376 9 21
8 6 1081
1175 5 16
2 2298 20
1 2036 24
31 1994 1
9 2057 19
9 12 1425
1525 30 1
2987 3 9
6 27 2399
2552 28 6
25 2939 4
1587 9 16
9 11 2319
964 14 5
213 23 3
1 515 9
1406 7 8
2 9 2980
1 2564 26
20 6 731
1502 6 23
1 13 151
1 2646 31
1709 29 5
8 9 1876
2088 12 26
2612 5 20
2798 3 5
8 2157 31
28 2432 7
7 16 1500
8 579 9
8 2997 7
2934 11 11
7 11 182
4 969 15
4 22 1904
5 1791 7
2977 10 19
1872 24 11
8 992 16
1677 22 1
2492 4 10
4 608 31
11 1533 20
10 103 1
6 17 841
8 2284 2
25 3 2463
1172 10 6
19 178 1
1337 9 31
1970 11 10
587 2 2
2201 12 5
1179 30 4
2256 9 23
1358 12 21
1998 3 17
1067 27 3
2036 4 12
12 1751 27
8 273 3
864 9 9
2259 1 9
1620 31 2
4 1908 27
6 2122 5
653 8 1
11 1418 11
6 2641 19
5 5 1500
15 515 5
30 4 386
11 26 2232
1759 5 14
29 331 8
1441 17 2
851 24 1
1 22 1843
12 24 650
5 20 2621
11 2537 9
445 22 11
3 1211 12
16 2023 9
11 12 737
275 6 8
2930 6 31
5 18 1654
5 1660 4
12 1398 22
1331 25 7
2098 8 8
1475 11 5
1195 7 3
1087 7 9
22 231 7
2779 9 8
12 1564 3
9 1885 10
2 397 7
8 1293 1
1422 21 1
3 1080 5
685 4 20
7 636 26
1634 13 5
15 164 9
23 3 2147
28 348 3
10 10 291
25 5 775
2 9 749
692 1 31
18 2575 12
2881 8 19
9 2 550
12 1599 8
22 2413 6
3 12 1754
8 1203 8
16 10 2285
1501 3 20
7 4 253
12 21 1772
8 26 2612
5 2617 7
15 1 2787
857 24 9
1 1772 25
26 1597 7
5 4 1988
24 11 2286
859 2 10
8 1401 12
25 1009 10
1427 7 28
2647 6 7
2846 17 6
8 9 2441
7 7 1767
1925 9 10
2925 9 14
24 3 117
9 2361 13
12 2026 15
31 8 2269
28 4 1529
1384 11 4
2866 4 15
1 2145 21
104 18 11
29 6 743
18 1886 2
1 2324 26
4 4 1201
2 5 722
3 7 1485
26 2381 9
2 25 2859
15 1163 1
5 3 1562
1900 2 31
9 1435 1
3 1938 4
3 672 26
5 10 1252
682 3 17
4 1069 27
3 11 817
1044 8 2
17 9 1397
1734 4 4
2031 12 10
10 1364 26
10 8 1997
1 2611 1
10 2 668
5 2225 8
1834 19 4
970 12 29
1149 1 15
6 31 799
9 2205 14
31 2 2791
10 1155 11
2 405 22
1805 9 6
22 2 1389
21 7 2686
13 7 1559
222 24 2
10 518 9
8 1127 7
5 9 1156
30 738 12
18 186 3
10 2339 3
10 1234 15
20 2335 6
7 2512 21
31 5 1795
5 899 10
2 12 520
28 2825 10
1284 9 12
20 855 3
5 9 2147
7 254 4
17 1356 6
1 2487 4
10 709 22
22 9 361
2 24 911
1249 2 2
2326 12 12
13 951 4
2772 17 9
1380 30 11
995 3 12
2714 18 3
12 1149 18
5 5 2946
7 5 2407
12 2467 12
9 29 906
1 2919 25
1962 25 1
8 4 447
12 14 2009
11 1529 28
2 17 501
1 234 22
16 124 8
1 833 13
9 4 2927
17 2446 11
9 20 1908
1023 4 4
17 7 2582
24 1924 9
23 2253 5
14 739 10
4 5 861
29 1248 3
1 2581 8
2288 9 12
365 12 14
954 1 4
15 2691 4
2869 18 10
1531 1 22
2583 10 22
2604 4 5
1136 4 9
11 1799 1
11 29 2102
549 1 7
216 11 6
28 1490 7
1 2 2247
5 1789 13
12 213 14
5 16 774
4 1416 5
1047 7 16
11 2821 1
309 30 12
10 18 2553
6 1400 3
9 488 20
2423 28 12
7 4 738
1407 4 31
1235 11 6
11 20 650
2 11 1907
30 1053 3
11 1713 3
282 22 12
2 5 1881
2221 10 13
3 4 845
181 5 27
2734 7 6
8 9 1954
23 1 2782
323 5 13
9 9 1593
8 6 2410
715 6 14
29 406 8
15 559 1
1781 2 4
4 11 369
2 2266 30
10 2858 3
1649 31 5
19 1934 6
19 4 2569
441 18 3
1686 6 4
4 2746 24
10 16 656
4 16 254
12 10 2808
10 20 504
3 14 2266
14 560 3
5 25 2376
268 6 3
2040 22 12
27 3 510
2234 6 9
1 11 362
23 4 1025
1 2835 24
13 630 12
25 1153 7
4 2680 5
2091 21 7
3 2896 5
687 20 3
792 17 9
785 11 9
1741 7 9
1663 14 6
9 19 528
11 11 957
9 30 1622
2667 10 16
460 9 6
123 1 5
17 8 1152
11 889 2
7 2691 7
14 3 612
5 20 962
2525 1 11
1903 5 15
9 891 13
1487 11 17
6 2111 16
1888 4 10
9 2 447
1676 1 29
12 2389 8
7 2061 25
9 2507 23
23 7 359
18 11 242
10 2 2910
28 7 2898
21 6 807
13 1079 7
20 1396 10
3 1918 27
3 6 2889
20 5 1587
12 714 4
1 1430 2
24 2053 9
8 5 2992
2 1996 2
2620 30 2
11 29 175
3 12 1900
22 2344 7
10 25 1172
810 2 2
2392 11 1
4 20 555
21 12 2023
10 798 11
1 1056 14
1853 8 6
932 6 28
1179 21 1
26 2648 7
27 270 11
9 13 1510
11 8 2712
1611 11 23
5 2539 20
1093 22 4
7 2652 5
2843 5 6
1675 9 29
15 2 499
4 2334 4
9 2272 14
31 9 1013
1 13 2750
27 7 783
12 7 2026
2072 7 10
10 2207 7
1828 1 11
2848 30 3
1291 26 1
2309 1 9
3 14 2506
10 1243 15
2 14 1801
13 6 1581
19 1322 4
12 19 1144
6 15 1814
12 9 2827
2639 6 27
12 4 1771
1475 7 17
1654 23 8
7 553 19
202 1 28
2415 15 4
3 11 261
18 3 1786
4 11 1648
31 1376 4
12 2474 22
282 11 12
5 12 2673
547 20 10
1341 15 10
1509 25 12
12 1907 5
2355 10 1
6 4 364
2656 4 25
2128 24 1
7 14 702
13 9 2951
5 1284 1
7 1927 5
1 14 2351
2736 1 9
31 4 2560
7 14 2292
513 8 3
8 1535 12
5 11 2608
13 921 10
2933 4 27
30 12 2100
25 182 1
2930 2 24
3 2326 27
30 12 1509
329 2 3
12 2019 16
2839 20 10
582 19 6
2270 15 7
4 1977 23
12 12 304
326 16 10
12 17 1571
7 15 1142
7 1642 11
14 1893 6
1944 9 10
15 1783 9
132 7 13
21 1977 11
13 736 2
25 3 422
1126 8 25
14 432 7
2259 19 11
463 20 3
3 29 2011
4 6 2756
21 1272 11
11 1368 12
632 12 14
7 345 13
9 1588 21
873 29 9
2732 10 29
1924 11 2
1291 2 7
494 6 15
14 440 3
286 7 19
28 1390 11
3 7 575
4 2578 14
6 789 23
12 293 18
9 770 10
29 6 2837
30 2 669
1082 11 28
8 7 2063
9 10 2643
10 4 116
2115 5 7
4 2369 4
979 20 8
2386 19 6
2 2214 13
2134 4 4
1706 3 13
6 31 1338
8 836 10
1083 12 7
490 6 12
9 22 1623
1443 4 28
3 7 505
1688 13 8
2 274 5
4 1698 17
9 1366 11
29 2 2950
28 11 2377
30 1664 5
11 451 9
2 1006 1
2384 11 16
1 10 1759
2514 5 31
5 11 400
541 5 11
9 10 728
2051 8 8
11 310 15
15 2619 1
9 1 1398
7 2867 7
13 369 5
5 20 655
6 2614 7
1140 10 1
11 20 1293
947 24 3
31 4 2672
2722 19 7
2 1596 4
6 12 529
27 2 686
9 10 2262
4 15 244
24 2628 9
1454 7 26
2640 9 1
2902 3 12
6 1789 8
12 11 305
5 5 793
1702 13 2
16 8 404
19 1601 6
8 730 23
25 2953 7
2 31 2404
21 7 550
25 1652 8
12 726 14
27 2203 11
16 1 619
10 12 2124
19 1413 6
588 10 18
9 23 2225
27 1781 12
468 20 8
470 4 3
8 18 2052
8 1611 10
21 2179 2
4 8 463
19 10 1383
10 199 4
11 24 736
4 23 995
991 8 22
8 11 2796
186 16 5
5 24 539
2034 7 9
3 4 915
15 122 7
16 12 254
1372 26 4
4 23 1445
12 2626 2
13 2095 12
4 1899 9
2114 8 1
20 7 1531
2709 8 26
2758 25 5
27 558 12
524 7 3
290 22 2
8 2245 31
1000 5 11
10 868 16
1077 1 1
1998 4 6
360 11 6
25 227 1
21 546 10
1563 1 25
3 562 10
11 11 1445
2956 5 17
2873 1 5
19 1217 1
6 1097 1
3 6 248
10 2218 28
6 2379 13
14 12 1791
425 8 13
11 1050 18
15 2075 4
7 1960 5
3 2503 11
147 22 4
3 17 640
950 25 4
2 19 1168
11 2360 16
13 9 2526
10 8 270
