100100011110111010111101001001001100000100
1011100001011010001010110010111000010100
10000110011010111101011001011011111110110001
1000111001011111100100001001101010110001001
10001110011011101000110001001011011101100110
1011100000101110101011101001100011101000010
1100011111111010000111010001011101001111100
1011110000000100000101110111011001111111100
1010111001011000110011101100110111100001100
101011011110000000111111111111011100001110
10100110100100100000000000000001010000011
10000111011000100010010011010011010111000
111000100101000110111111001111101100110001
100011011100111100000101101110111010001110
10010001000001011000001110111001000111000011
1111011011010000011100000000100010001001011
1000010011001011000111010100011000010110010
1110110010100111000010001000000000010010010
10010111110101110100001001110100100001100
10000100011011001010011001111011011010100010
1110100100010010110001111011111010101001000
11101110110111110110111001100011001101110
101001101110000100110010111000000101000101
1110001101101010100010111111110110000001100
1001000001101111001010000111011110001111011
1111011010111010111111110011110010110111000
101100000111111101010000011100110101110
11011010011011110111110001011011100101000
10000011101000100010011010100001110110001001
1101110010111011000101100101101101101111
100001011100001011010010100010001010110001
1001100011011000110111000011110110110100010
111010100010011110111101101110011110011010
1101010100001010011111110100111000010111001
11001010011000101101100110110001111001110
1000101110110101001010111000101000110101010
100101101111110011100010010000001011100001
1110000000000100100110100010101110101101010
1100011110001111110110000110101100001111100
10010010001000110001010111111101110010010
101110000010010011111000001110111110101110
1000110111111011000011001110001100001000000
1010000111001111101011111110011101000100010
100010100110100001011001110111111100
1101111000001010101101100101001011111100101
1001000011111110101110000000100100101100011
1100010010001101100010000101000110100101100
1110101111111100010100111111000000101010
1100100110110110101111000101100001111110111
101100100100000111100011101100010110100000
111100001001011011000001010110010111110111
1000100111000000010111011000011001111001101
1011000010011111011011111001001111001110011
1011011101000101101101011100100011110110011
10000110111110011000001110100000110001100000
1110001011110110111010011111001011001111010
1110000110101111001101011111010110111101001
1010000011000001011000011111000101101111111
1110111010001111101000110100100110010001101
101011100001101000001111100001110000110011
111011110110111111011001000001100100000001
1111000011001010100101111000111011011101111
11010011110110001110010010110010101011100
11111011010011001111100111011011111101
1011011000001110010110001000011010101000
1110011000011111011110010011001101100001001
1011000010000000110101001011010110001101001
111000100001100011101011110110001000111101
1111101011100110101001011101111111101111
1100100110111000111111100011100111011001111
1111101110010110111111001001010111011001101
1010011110100000011100111010101011110011000
101011010101001110101101101010100110001001
11111001010101011110110010101011111110100
1110111101100100011010101010000100000110110
110001101110101111000000110101111101110100
1001100001011011111010101100110100000011000
10000001001000111011111000001010100101111000
1110100001010111100010000111011101110010001
11100100000110100001111101011001111101001
10010000110001111100001000101111000011101110
100010100100000111110000100011000101101001
1100110101000111100011000010110001010010001
1011011001010001000000111000000100000100100
10000000000111010101011111010010010011011010
10000010001001110101101110111011001011000
10000110101011110000110101000111100000011101
1110110100001110001000101110101110011110010
10111010001111111000111101110100111000011
100010011010101001101101001010110100011110
10001100010001000111001001000010001000101110
1001111100111001110011000001001011010001110
100010001101101000000110010001000011011110
10001111101111000110101001100100000010111011
101100100100110010111011110100010011101101
1111111000011001100010110101011010110110100
1011011111101001011111011011001001001000
1001101000010010100010101100001011010111000
1010010000100000011010011100000011001011110
1010011111001111100101000000110000010
