42 -35 45 -38
-42 -48 12 -50
-12 12 -4 -33
30 -22 47 -47
-37 6 -9 1
-48 8 2 -44
0 30 16 28
41 -5 46 -12
-14 8 -13 7
18 -41 40 -48
-14 23 37 -39
-5 26 37 17
30 -11 39 -24
-13 -41 21 -44
-36 15 -7 -38
-30 39 44 -42
-2 -12 36 -28
-38 23 35 -17
-38 -36 35 -43
19 19 36 8
4 2 26 -28
-17 -28 45 -42
-15 -21 -2 -37
30 -26 49 -39
35 25 38 22
11 27 48 -24
-24 27 8 25
-42 20 25 -45
-19 -20 29 -29
-21 4 10 3
33 -17 49 -21
43 12 48 7
42 -14 45 -34
25 -1 45 -24
33 33 45 27
-14 -9 25 -10
-4 46 42 -24
24 -17 28 -24
-30 -20 -12 -28
-24 32 29 31
-1 48 2 14
15 -42 39 -48
35 -1 49 -49
-9 -46 22 -48
20 17 27 -23
-27 41 16 39
-22 12 6 -17
-46 -20 3 -37
-20 35 -18 -26
-21 -25 -10 -26
16 43 48 -47
-48 -36 19 -38
41 -17 48 -28
-46 6 48 -8
26 46 45 -33
-8 29 46 18
28 35 42 -15
-36 -32 15 -33
47 -47 50 -50
-31 35 21 9
-20 -12 -19 -35
19 -3 37 -13
-23 22 -7 -6
-46 8 14 -24
-32 -6 11 -32
-22 20 11 -16
-18 37 7 16
-24 20 33 5
-14 -48 -11 -49
39 -41 49 -49
7 -44 49 -47
-14 45 18 42
48 -44 49 -47
-30 4 -21 -38
-27 -6 12 -40
-12 -4 -11 -14
-15 41 7 -3
8 -12 46 -22
-14 -44 37 -45
-45 -30 -24 -37
37 8 42 -14
38 29 46 10
13 -1 41 -22
32 -32 48 -44
17 -14 25 -31
15 -47 17 -48
13 -19 28 -32
-39 28 45 18
0 -26 45 -33
27 -42 32 -50
44 46 50 -29
34 -9 47 -35
-23 36 38 -20
-36 19 -22 8
27 -11 32 -14
36 -29 46 -35
-29 49 35 -3
-18 -20 37 -42
-45 24 7 1
3 -37 24 -40
