1594150092
1237606017
1027981795
1375570961
1578601145
1687825997
1111095901
1207640027
1166148246
1382490222
1289746569
1940972209
1333148224
1467858222
1032018373
1411284424
1293939002
1207589396
1884651227
1188353764
1674864974
1096391953
1256675975
1077351085
1157139969
1431067744
1708391078
1022215657
1686699407
1341320824
1243034086
1034920260
1503074952
1621418433
1967117619
1154698575
1313864127
1290142793
1649772517
1426198565
1075880206
1912604507
1571862354
1299493252
1008153373
1408939282
1692832344
1706003240
1796311979
1858877099
1824402718
1116352126
1851634425
1931034801
1560067082
1266246996
1214927186
1061521926
1260183074
1842083490
1109228550
1595125038
1750611112
1122645420
1345418098
1969610419
1868663395
1815332692
1425602674
1880407093
1796740503
1391276201
1193160645
1018753922
1947427993
1743021004
1274247799
1055264770
1389845022
1703714913
1163028314
1100296717
1254507040
1011565373
1916508445
1929987508
1053060778
1183824811
1416606067
1219167510
1114677782
1874348812
1184668383
1378395310
1322835939
1912523955
1897080262
1062733729
1204104201
1203465929